2457
12363	1944	29
168	10242	29
210	34105	29
8745	12281	29
2888	12281	29
294221	448408	29
11123	17877	29
13284	9830	29
47825	46871	29
37709	32245	29
12363	5753	29
161231	64983	29
13874	21387	29
10425	131954	29
58093	5664	29
6280	150792	29
7105	32245	29
185839	324165	29
1104	44252	29
34987	63641	29
135841	51582	29
126208	11524	29
20242	119183	29
84702	17877	29
25806	264214	29
10966	53529	29
124460	20360	29
26023	19992	29
105201	11472	29
94848	269135	29
46146	104692	29
87293	263790	29
6497	13285	29
28310	17877	29
26321	43582	29
134651	20787	29
30692	12281	29
66766	5664	29
25307	3891	29
66666	75327	29
127897	22229	29
50926	9021	29
40263	152039	29
50851	40934	29
5894	50847	29
1710	12281	29
42983	357739	29
120349	49758	29
61534	254032	29
7160	17877	29
6264	348546	29
944	7932	29
8221	30523	29
36656	55582	29
6207	121572	29
34213	27446	29
11766	13285	29
53478	43582	29
68665	5664	29
34766	244264	29
21400	17877	29
9457	51221	29
252428	165513	29
1705	34946	29
9282	53511	29
25438	30523	29
73743	11472	29
51904	211281	29
30922	5664	29
38326	37253	29
7485	44736	29
1147	192200	29
27230	17877	29
12521	36300	29
38116	139028	29
70216	44510	29
55594	75327	29
151337	43582	29
10983	41054	29
973	79878	29
5197	5753	29
5344	30523	29
14929	9823	29
61835	87449	29
8443	60512	29
16301	32923	29
43847	17877	29
18121	15702	29
208157	61105	29
9412	144802	29
75303	71482	29
18529	43209	29
250	8683	29
122984	44252	29
11919	29796	29
74233	402704	29
21827	43582	29
82995	51582	29
5465	12281	29
57934	71722	29
22545	53665	29
36656	13285	29
72941	57390	29
17917	51582	29
32905	1941	29
14033	340223	29
17173	99690	29
34978	69061	29
18925	116636	29
80168	1944	29
106473	5753	29
13874	55740	29
59945	12281	29
12745	245781	29
69583	10242	29
16999	42087	29
39894	10405	29
2257	174107	29
85474	53665	29
4165	306971	29
29874	93918	29
2257	12281	29
1990	10011	29
15078	180377	29
61146	32245	29
445497	57390	29
227856	61716	29
31118	13285	29
46948	74209	29
154045	211281	29
13852	114914	29
22606	32245	29
7659	28695	29
16520	147118	29
8065	43582	29
38809	5753	29
15775	26000	29
97394	85886	29
12202	306971	29
22285	77176	29
78303	83167	29
120167	13200	29
62024	101556	29
21510	22074	29
16947	42774	29
20814	12281	29
35747	209363	29
18068	59631	29
10425	20360	29
57934	43582	29
1417	5753	29
19822	11472	29
4537	106335	29
179943	432078	29
2257	27176	29
9023	51582	29
9457	144802	29
24649	22275	29
211663	5664	29
12464	13907	29
63785	51253	29
11325	111331	29
8186	30644	29
1425	81283	29
36420	23287	29
4541	1941	29
64454	324275	29
13683	80922	29
17737	209482	29
44220	77176	29
1705	36654	29
1348	9823	29
20671	5664	29
1708	17762	29
2477	245781	29
34685	93918	29
46328	196750	29
15400	246796	29
9976	31198	29
13498	102609	29
32905	88786	29
287684	58213	29
36841	5753	29
63519	191315	29
21927	109434	29
31513	144802	29
78051	3621	29
59953	15540	29
47938	119788	29
9237	7932	29
4557	77176	29
79080	5664	29
7436	103616	29
60992	61716	29
1445	44252	29
85255	13285	29
6190	3476	29
9994	5753	29
9385	14649	29
43128	93918	29
3802	6188	29
10327	71722	29
10086	32701	29
10940	24581	29
5491	37253	29
78839	12281	29
40952	103238	29
55790	353548	29
4537	30523	29
1292	41054	29
48589	280934	29
109350	66616	29
45144	129681	29
18406	12281	29
36086	292998	29
7999	402704	29
48862	43582	29
5924	3891	29
3766	110856	29
26430	40776	29
15658	28695	29
63785	44736	29
5937	53591	29
115509	12281	29
27824	39375	29
4148	12281	29
10223	41507	29
72121	92648	29
2653	92570	29
3528	79958	29
29822	109434	29
15123	12281	29
59854	9823	29
1419	88786	29
66666	78325	29
62579	274587	29
24879	5664	29
75442	199863	29
109513	35060	29
73743	13285	29
49448	5721	29
23119	5721	29
25965	12281	29
94743	209882	29
10660	205087	29
2257	36654	29
8443	1883	29
109350	30523	29
11154	43582	29
114041	144802	29
48059	4558	29
26023	13285	29
47219	11524	29
132709	167833	29
54884	211322	29
24510	75327	29
171261	5664	29
13228	219032	29
19752	127181	29
9250	17877	29
109357	27446	29
9237	108304	29
13633	2456	29
398	67001	29
73610	27446	29
957	53665	29
208	56516	29
3329	45983	29
45144	215963	29
34280	5664	29
16612	106084	29
8757	42087	29
59707	178838	29
7161	152039	29
2545	11641	29
8443	5664	29
27777	3476	29
33040	21387	29
2477	43582	29
25307	16864	29
13234	211281	29
64538	32245	29
65	19166	29
18785	12281	29
78131	17877	29
60949	194949	29
931	32981	29
2888	32245	29
3470	218257	29
8000	9823	29
10585	15817	29
59299	17877	29
1445	47886	29
87122	32245	29
8186	109434	29
63785	99253	29
8186	296419	29
94743	40406	29
6032	48273	29
79207	67834	29
11642	1501	29
138089	13285	29
102925	277181	29
87882	5753	29
81876	12281	29
43993	13285	29
2792	69772	29
27245	282442	29
71042	13285	29
35523	3139	29
6444	28695	29
79077	12281	29
2120	44029	29
11696	144802	29
5862	13285	29
73591	5753	29
7782	110856	29
36972	90890	29
4866	17877	29
17621	165513	29
2935	46694	29
42034	175941	29
74347	348546	29
129	75327	29
53995	29434	29
106461	88615	29
51904	109351	29
445132	147195	29
40791	13106	29
22081	32130	29
4569	13907	29
4491	23856	29
2653	211281	29
9762	63049	29
6304	44252	29
28899	3476	29
36471	5753	29
10086	5753	29
34987	75327	29
38759	69290	29
77706	109434	29
22352	47886	29
102564	3486	29
703	218035	29
412	30010	29
58300	80788	29
2653	448497	29
20142	185006	29
15953	141801	29
64267	12281	29
5707	5577	29
13028	568908	29
33815	85584	29
180618	43582	29
40265	10405	29
47973	109434	29
23803	51582	29
42766	108304	29
96628	110856	29
23878	127599	29
171261	144802	29
8031	141801	29
294221	569603	29
52680	54848	29
12022	41054	29
4056	82959	29
93984	365957	29
12147	325022	29
67160	1731	29
78300	56821	29
99775	171144	29
104073	684218	29
105762	29374	29
9457	46871	29
692	11472	29
53849	43209	29
11227	46871	29
20065	300090	29
77980	35673	29
40593	53665	29
27824	77176	29
94545	71722	29
4785	244426	29
22606	21387	29
5830	77176	29
28959	3621	29
23914	165513	29
25169	56612	29
23046	32428	29
154101	75334	29
4502	1676	29
50951	97481	29
93984	27446	29
39381	5664	29
36230	22074	29
5419	41037	29
38791	57390	29
76303	41037	29
3744	12784	29
13990	6058	29
22582	132230	29
15739	5574	29
17450	41054	29
38436	250277	29
4517	170950	29
9457	27020	29
74377	11902	29
5752	11524	29
71042	12281	29
111359	73927	29
57722	108304	29
24932	41042	29
44807	5664	29
48919	51582	29
38163	540459	29
890	5753	29
16624	93918	29
7682	113775	29
784	41054	29
325	194949	29
28008	122257	29
16452	21572	29
105201	282442	29
24271	218257	29
8443	13285	29
4739	161274	29
145648	110847	29
8186	90890	29
102421	208680	29
9167	38825	29
25488	81923	29
5518	53665	29
58093	211599	29
22780	92570	29
3361	121905	29
2422	110186	29
16817	20517	29
1240	27176	29
25119	11641	29
34978	103734	29
210	35673	29
21063	53665	29
51904	82083	29
22805	246796	29
17310	123492	29
43130	117932	29
13234	10242	29
73775	78325	29
20568	43582	29
6649	32900	29
18529	27801	29
125863	81923	29
19432	412607	29
18369	47415	29
8031	244426	29
38813	20360	29
191	82959	29
17224	11902	29
65393	400614	29
7268	33305	29
32450	137455	29
152448	298551	29
5322	416857	29
10010	13285	29
38326	32130	29
27015	188958	29
25081	152039	29
29654	11641	29
24649	20858	29
7436	9823	29
41269	43582	29
17323	82959	29
40538	34932	29
15432	29374	29
24879	5753	29
32653	14874	29
115486	37446	29
36004	219032	29
3122	5397	29
24577	21949	29
13801	35669	29
33656	75327	29
57430	172843	29
32647	147559	29
51437	57390	29
46222	54103	29
106461	71722	29
70216	244426	29
79207	5664	29
102923	29374	29
20468	167407	29
46796	31420	29
74067	37285	29
151	12281	29
1479	78325	29
98617	21949	29
31118	238369	29
4591	44252	29
9762	12281	29
163878	197589	29
5867	183493	29
51636	129451	29
32653	103616	29
43130	78302	29
4295	2094	29
191744	60512	29
18976	42087	29
109559	84711	29
7436	144802	29
28265	388164	29
3820	143037	29
7048	17877	29
5974	5980	29
944	5664	29
73213	11472	29
3820	22074	29
150303	297563	29
32653	13285	29
209127	127908	29
19769	137222	29
288	164187	29
38	1501	29
21063	109434	29
225170	143207	29
7565	32431	29
43993	174711	29
67924	12281	29
28931	66126	29
17265	53665	29
240524	435300	29
5648	41054	29
198950	53665	29
37515	188284	29
1705	9823	29
10216	101498	29
36502	12494	29
102739	32923	29
16278	17111	29
224620	110856	29
70700	353262	29
27245	544618	29
36021	15086	29
25383	127908	29
11800	21929	29
39078	36654	29
13234	5664	29
105554	80922	29
96008	81923	29
28035	113245	29
4635	226204	29
21130	12281	29
48589	67001	29
67160	12281	29
20142	17877	29
86044	119339	29
2277	282442	29
56884	127908	29
325	32981	29
13648	61938	29
48862	12219	29
14454	53665	29
264373	84711	29
26832	181883	29
118418	32528	29
45780	13871	29
69266	22139	29
4346	11524	29
11805	267841	29
23340	19858	29
24240	296279	29
50170	110856	29
2984	194949	29
17913	109434	29
29784	13106	29
53730	7932	29
9282	13285	29
69498	5664	29
27824	1944	29
39381	56152	29
10717	31198	29
185703	22074	29
2257	51221	29
45825	57390	29
43341	47474	29
33989	27446	29
108807	200803	29
5322	44252	29
2653	97276	29
10875	9823	29
22107	17877	29
109350	5753	29
98738	109434	29
18232	1941	29
78466	11472	29
12714	53665	29
13660	2620	29
20991	31804	29
27107	12281	29
15953	172932	29
793	4558	29
41056	21949	29
20109	3621	29
10121	13285	29
50853	17238	29
9649	85584	29
39362	16864	29
145615	13285	29
57722	82959	29
35630	3621	29
28160	287732	29
49435	57390	29
59707	44252	29
146069	276389	29
14226	46871	29
180618	3621	29
41323	96583	29
24510	3621	29
1997	44251	29
30272	132964	29
14741	11472	29
120915	15786	29
21557	3621	29
45114	12281	29
23407	17877	29
47817	5753	29
78839	125885	29
7706	110856	29
19328	40776	29
12745	68796	29
93632	44230	29
18351	9588	29
27824	244426	29
51392	31420	29
68380	41054	29
29784	17877	29
20590	51253	29
72532	75255	29
13057	42087	29
39482	19897	29
76874	113775	29
32802	109351	29
98738	99705	29
21446	7932	29
28276	76389	29
30757	520975	29
8023	282442	29
819	58792	29
13437	109351	29
23885	218035	29
46880	75327	29
26338	1944	29
50771	31300	29
2437	44252	29
40791	11524	29
22	255121	29
12025	4911	29
80783	301424	29
793	32900	29
6568	145163	29
56526	16839	29
4148	244087	29
59945	131954	29
50853	77176	29
5311	22074	29
30209	181883	29
68380	5753	29
17019	17238	29
23407	109434	29
8333	148867	29
84318	82959	29
124728	7841	29
39077	11641	29
22304	5664	29
77706	11524	29
53730	49185	29
33833	174668	29
9066	58837	29
1396	36654	29
85474	165513	29
53130	96402	29
4537	44252	29
466	12281	29
50853	47886	29
21227	64932	29
102421	5664	29
34508	13285	29
1292	188559	29
55	12281	29
5412	41057	29
765	109434	29
24812	23518	29
8221	11641	29
7833	41054	29
7474	399187	29
22805	39882	29
109513	16696	29
6254	13285	29
16106	66616	29
51392	89175	29
6929	31200	29
21130	17877	29
24662	15702	29
37663	93896	29
38341	85250	29
86974	195874	29
32653	11472	29
79442	29306	29
24708	17877	29
16882	3621	29
9758	31198	29
28009	33090	29
9066	47886	29
3331	244426	29
42688	189025	29
92	93918	29
43130	17877	29
17323	43582	29
28744	152429	29
7207	43209	29
54475	252919	29
26321	5664	29
50853	13285	29
75614	230171	29
37838	43582	29
421	5664	29
614	64932	29
9994	17877	29
101279	11472	29
121856	110856	29
44911	100958	29
20329	32420	29
40677	152224	29
466	22139	29
120915	23972	29
12521	261006	29
105201	11524	29
53523	3702	29
208157	64756	29
28729	486427	29
132966	43582	29
148954	6527	29
58060	152039	29
74707	5664	29
16638	31647	29
93102	194949	29
2765	34105	29
319641	75733	29
61801	20360	29
72139	99939	29
23914	17877	29
13494	275951	29
8018	110856	29
114181	12944	29
7223	138678	29
9207	71722	29
264	11524	29
5830	5664	29
10276	42087	29
5018	41057	29
4498	11902	29
30076	431281	29
81897	288722	29
94153	16311	29
109350	94577	29
129979	180878	29
70232	17877	29
1990	274387	29
10271	218035	29
163878	104532	29
8186	144802	29
46796	17877	29
12745	35419	29
51331	11472	29
14712	91058	29
11495	21387	29
4629	31200	29
24649	14163	29
27757	5418	29
100125	56821	29
109350	21091	29
1445	58837	29
242454	3621	29
9457	16837	29
9758	110856	29
5676	82372	29
11766	17877	29
18355	9021	29
24577	145163	29
6136	198312	29
19157	13285	29
34523	24320	29
24658	14676	29
22088	53665	29
2259	44252	29
30649	66211	29
49980	3486	29
481	61938	29
3650	300525	29
15925	27446	29
15249	90890	29
109350	66211	29
68226	5664	29
26321	144802	29
136078	3621	29
53995	82083	29
22766	12281	29
24172	91733	29
34341	44736	29
57895	194372	29
4537	13285	29
11495	84711	29
31363	238369	29
3151	74106	29
4346	275951	29
9023	56821	29
21927	32900	29
16947	43313	29
14797	11472	29
93102	103616	29
8275	75327	29
25045	22074	29
290301	137222	29
14070	17877	29
9207	28695	29
50156	17238	29
14033	165513	29
40791	168539	29
36857	541044	29
2277	47886	29
45825	12281	29
6714	44029	29
29072	136112	29
65	137685	29
10585	16839	29
12934	32245	29
4591	160472	29
135068	450709	29
2558	89175	29
75891	165513	29
32361	16839	29
6184	13918	29
67340	18014	29
3530	10232	29
59650	305657	29
5937	19897	29
35936	90890	29
957	212084	29
63487	2456	29
115486	300525	29
25045	11472	29
90242	69290	29
28778	11641	29
10276	16311	29
29745	77176	29
14226	1883	29
47259	15702	29
30554	13285	29
188688	293449	29
7998	41170	29
7768	84711	29
2170	31750	29
27460	152859	29
140252	147118	29
13706	26297	29
63809	51723	29
13387	93181	29
73365	21091	29
59230	12219	29
60316	28695	29
36502	29434	29
23575	106708	29
15621	6058	29
10223	99705	29
305463	17590	29
3341	53665	29
12714	448408	29
94576	11902	29
12344	46871	29
2257	20858	29
37011	193428	29
60522	41057	29
53995	42087	29
10810	13070	29
944	15702	29
33703	8540	29
466	81923	29
13819	93504	29
162	12281	29
8023	154825	29
101812	41054	29
127970	129345	29
17704	13285	29
54475	23856	29
57589	12866	29
48540	32245	29
5922	35560	29
7436	5664	29
17265	106335	29
38928	32130	29
799	147452	29
920	23972	29
3750	22074	29
98738	53665	29
14995	154093	29
1419	80922	29
45882	304758	29
33874	167407	29
5554	109434	29
57044	20360	29
3115	72705	29
55817	282442	29
26638	29374	29
85428	244426	29
56857	3621	29
15739	99705	29
33266	103616	29
3794	2732	29
47825	27176	29
13648	1941	29
6134	106335	29
103817	86864	29
32076	412607	29
8186	1944	29
46480	12281	29
32379	84711	29
13633	57390	29
42987	51723	29
82231	16839	29
136694	5753	29
5413	65736	29
27825	5397	29
14070	31420	29
194571	218035	29
13299	113784	29
7535	99705	29
9296	85974	29
4625	3621	29
31400	108304	29
99588	72023	29
56526	15817	29
39894	152224	29
20766	17877	29
34632	33166	29
301088	127549	29
47825	448497	29
28106	44252	29
37758	18875	29
78846	53665	29
74392	185038	29
85249	158481	29
573	17877	29
60949	31420	29
13355	187672	29
44431	3621	29
1940	88786	29
74297	47886	29
38797	33761	29
32053	332751	29
7161	93918	29
83307	206980	29
51904	69061	29
5311	137222	29
109350	31420	29
120634	27943	29
128248	67353	29
19552	40406	29
2743	142777	29
28008	23784	29
74289	29200	29
53995	22074	29
250	3486	29
23340	43582	29
43362	20858	29
78894	181883	29
18399	218257	29
5983	181883	29
195551	57390	29
59299	21075	29
2277	3486	29
11495	32245	29
20323	542014	29
182375	19897	29
9466	93737	29
225170	35802	29
2437	43582	29
63226	27446	29
25939	37253	29
89603	6527	29
4413	328456	29
6573	103616	29
6444	15817	29
91938	154204	29
57895	82959	29
388	31447	29
108807	61938	29
23914	29374	29
113467	195978	29
7048	144802	29
32358	205087	29
50170	144802	29
97051	5664	29
85428	3621	29
51398	26416	29
162863	165513	29
9346	5753	29
4346	81923	29
86133	11524	29
98738	87449	29
23119	14163	29
78377	75327	29
1104	12281	29
4502	13285	29
3794	3476	29
75442	13907	29
7999	53665	29
33809	5753	29
70216	141801	29
12363	17877	29
33656	22074	29
27777	110856	29
103949	1731	29
2422	42087	29
15023	41054	29
74016	17877	29
46796	46871	29
8953	11524	29
3148	12281	29
145175	17877	29
36471	65736	29
23859	33761	29
68380	17877	29
38440	548229	29
147316	10242	29
59586	183493	29
102564	110961	29
32654	145163	29
23277	565210	29
60522	108304	29
101279	5753	29
2259	193428	29
4346	32245	29
5922	3621	29
6753	31200	29
25542	32923	29
21855	74106	29
22304	30523	29
151337	5664	29
31513	117612	29
4315	47415	29
8186	4558	29
194571	247291	29
59707	31420	29
12521	42852	29
11942	156555	29
37089	398588	29
5356	181130	29
1708	12765	29
28008	46871	29
17737	56821	29
325	144802	29
29674	181883	29
25307	13285	29
96628	3476	29
4184	98839	29
32870	82959	29
52362	35682	29
40265	18658	29
127547	11472	29
57722	7932	29
43615	11759	29
2910	43582	29
5937	30920	29
12787	5664	29
17095	5397	29
8663	191766	29
43219	205087	29
21227	53665	29
3151	18510	29
83286	294808	29
101756	78325	29
157310	83167	29
11245	99705	29
23119	22275	29
73673	60810	29
29745	117101	29
98102	53665	29
21941	46871	29
14741	3476	29
675	3621	29
12796	17877	29
37483	30523	29
4537	31420	29
2129	147118	29
100076	87929	29
614	117612	29
19955	80922	29
60819	12281	29
4164	17877	29
45799	166722	29
27511	14207	29
34918	51582	29
44485	109434	29
13672	11902	29
12714	13285	29
37838	20360	29
180618	11641	29
42766	82959	29
45733	107975	29
12498	57070	29
39373	33617	29
1021	86864	29
3000	5753	29
1214	99705	29
32208	69290	29
38549	171144	29
163878	44736	29
71740	11641	29
54475	75327	29
4384	5753	29
30169	58213	29
103637	535379	29
264373	53665	29
21634	74281	29
48862	5664	29
277056	5753	29
47825	77176	29
18232	31420	29
793	334814	29
31104	60810	29
16115	56612	29
31217	228193	29
59707	5664	29
14033	62473	29
4537	53591	29
26871	57390	29
6714	63849	29
2977	61901	29
100	77176	29
18666	36608	29
14995	32245	29
17432	31335	29
9020	27176	29
2977	66211	29
54475	5753	29
11529	3891	29
3151	48508	29
93876	19897	29
55817	49964	29
8186	30523	29
2977	66616	29
632	13285	29
122262	32245	29
40188	11759	29
2653	67834	29
147316	82985	29
5937	18189	29
5939	29457	29
34978	117612	29
1940	200803	29
52680	198312	29
41489	31447	29
24577	147927	29
17888	1501	29
62684	30523	29
6539	17877	29
56359	99705	29
95518	84541	29
65597	17877	29
18882	15817	29
96028	24320	29
23519	119914	29
47817	75327	29
13244	42087	29
1705	165513	29
41314	66616	29
31110	9823	29
107266	122285	29
189522	86864	29
42507	106682	29
5808	5664	29
105201	117612	29
5950	12281	29
3062	362055	29
3114	136664	29
33288	35419	29
30357	60512	29
14090	50063	29
87213	42087	29
37365	27446	29
50884	144802	29
40839	91733	29
35936	13285	29
43362	34946	29
23316	65736	29
35936	40776	29
172164	129246	29
10533	71050	29
40263	95671	29
11901	55925	29
11930	262190	29
723	30523	29
4267	5664	29
28009	44252	29
5676	123677	29
9654	46871	29
59652	17057	29
265792	13907	29
70679	171144	29
46643	16987	29
45205	244267	29
7944	152039	29
94578	11902	29
27824	44795	29
25081	5664	29
67119	363833	29
29874	152039	29
27245	412607	29
5830	186624	29
22766	43582	29
21130	31300	29
25141	5664	29
148013	5664	29
28663	27446	29
59854	55452	29
11367	5664	29
1542	36477	29
25012	27446	29
1705	46871	29
40985	82083	29
5752	46871	29
7436	60512	29
28009	15786	29
21130	41307	29
114310	3621	29
45144	13285	29
59707	85886	29
145615	272758	29
21425	111400	29
84318	7932	29
13874	13285	29
147316	211281	29
41208	25179	29
18399	30259	29
1479	75327	29
75432	3621	29
98738	11641	29
137999	17877	29
6184	85261	29
54475	22831	29
12363	282442	29
88324	101556	29
35151	50528	29
12147	624162	29
10425	13285	29
100125	163688	29
10995	32047	29
32159	5664	29
79769	89175	29
28984	23365	29
40593	64932	29
59230	69061	29
44807	286437	29
33040	22074	29
11766	167223	29
43229	101556	29
18894	43582	29
4413	29374	29
19988	19897	29
30921	3476	29
34508	51582	29
109559	3621	29
12025	101711	29
54378	212757	29
14209	79112	29
150362	123395	29
18158	22647	29
3956	560775	29
65766	7932	29
72121	82959	29
44079	11132	29
40265	80203	29
53778	108507	29
39078	5363	29
8174	20213	29
41164	47300	29
8087	51221	29
38928	37253	29
17323	46871	29
14494	43582	29
92846	13907	29
10940	31198	29
24662	13285	29
56120	29374	29
10425	13106	29
4048	231396	29
6071	7841	29
13827	219519	29
16120	12281	29
9412	15786	29
25939	32130	29
6668	398588	29
15249	56821	29
91817	92227	29
14712	100848	29
37515	181883	29
12312	37919	29
53995	109351	29
2129	21387	29
28826	12281	29
18002	5664	29
30357	282442	29
8333	42087	29
31096	23784	29
22	143037	29
11582	3621	29
4582	5664	29
23174	15817	29
37468	218257	29
7436	44252	29
47232	38637	29
7507	95300	29
24577	82531	29
55189	139610	29
43847	152039	29
21446	15702	29
118418	57390	29
97940	22647	29
51753	27042	29
547	277191	29
16676	5664	29
108303	5019	29
129979	44252	29
120915	147118	29
13228	147118	29
9758	3476	29
8087	34946	29
19273	13285	29
21941	4558	29
70786	42087	29
20412	154974	29
28009	25446	29
32653	219032	29
14319	5664	29
3650	17877	29
31118	55740	29
723	5664	29
30272	42087	29
45272	244267	29
6714	181883	29
13284	44029	29
40265	210534	29
208709	87449	29
97796	12281	29
31314	6548	29
33992	63256	29
44079	51079	29
62871	17877	29
2401	18604	29
1426	213359	29
9371	17877	29
87882	84711	29
21176	32245	29
58335	17877	29
37672	67135	29
12934	19897	29
81876	57390	29
39989	3621	29
43219	83305	29
72596	301424	29
108303	15702	29
5283	99529	29
48059	53665	29
45447	69290	29
21941	238369	29
8869	57390	29
41571	18510	29
17834	109434	29
9237	15702	29
92	34105	29
29856	5664	29
6929	15817	29
60006	5664	29
1272	27446	29
103949	53665	29
31199	16839	29
44857	13285	29
12934	32528	29
54475	80203	29
69950	10011	29
30922	20322	29
1948	46871	29
7686	117612	29
173364	80282	29
23455	143557	29
73482	11472	29
5867	25334	29
18882	28695	29
105554	61938	29
8045	18084	29
142225	147118	29
34104	65736	29
29115	56821	29
56526	71722	29
31385	23345	29
20875	43582	29
3877	33582	29
14504	6058	29
56359	9823	29
90244	37285	29
191	41057	29
172920	13918	29
93688	5980	29
2511	29839	29
3766	266820	29
30272	175048	29
2129	187788	29
2843	218035	29
3744	37253	29
34978	77176	29
2925	257734	29
21306	9089	29
36021	5753	29
34266	3476	29
21510	25828	29
8023	16311	29
31513	12281	29
703	13142	29
6003	294243	29
27015	83167	29
2871	11472	29
29941	17877	29
122984	31420	29
11766	12281	29
1417	34946	29
122984	5753	29
90792	51079	29
18666	11641	29
10533	9652	29
40898	3621	29
10972	45150	29
20671	13285	29
45561	17877	29
11784	12281	29
14046	5753	29
3750	244267	29
42688	223758	29
13057	78325	29
17888	30950	29
56857	286437	29
86044	438958	29
166180	57390	29
2653	238369	29
71711	12281	29
84318	177806	29
25806	5753	29
109350	36043	29
49312	24320	29
1419	93765	29
5894	127412	29
36805	233683	29
109350	11472	29
98738	32900	29
7507	150792	29
4130	15817	29
83878	27446	29
53478	11524	29
75331	122540	29
4502	4740	29
47259	41057	29
37515	9830	29
73365	44029	29
33809	306837	29
4280	40436	29
8496	101556	29
100	12281	29
117465	6527	29
129	19465	29
61818	17877	29
43362	22275	29
54475	57390	29
19822	39856	29
15445	27446	29
20849	403963	29
7381	5664	29
63467	5664	29
325	58792	29
29654	11472	29
7710	42087	29
5707	32245	29
173421	190474	29
793	361555	29
20134	254220	29
11325	11902	29
15078	46871	29
12714	11524	29
32905	61938	29
38989	34394	29
9070	12281	29
5674	148867	29
13946	306971	29
2257	46871	29
62706	193898	29
44079	44510	29
2445	144802	29
47232	108340	29
72014	175205	29
54475	66126	29
95091	300525	29
8732	11641	29
5808	23518	29
5663	129451	29
8000	5980	29
97974	71722	29
4906	37253	29
162863	180377	29
51392	44252	29
98738	9823	29
11640	9823	29
94743	5753	29
46222	56821	29
26871	37027	29
46951	49964	29
38388	44252	29
13155	31300	29
69021	148819	29
38342	34105	29
120915	20360	29
2653	17877	29
3341	109434	29
34508	5664	29
10590	11524	29
40758	244426	29
8275	45162	29
890	3621	29
34766	31447	29
59230	5664	29
40263	35620	29
154101	67225	29
5018	82959	29
64754	17877	29
12714	64756	29
122262	77176	29
4359	31300	29
166394	40436	29
8294	181883	29
3981	228061	29
21452	31300	29
1396	32923	29
8655	27446	29
10069	136112	29
13874	11902	29
8487	11641	29
11944	74106	29
4635	85250	29
30966	11472	29
2653	57390	29
4629	28695	29
13791	431006	29
48589	90943	29
8031	522677	29
25069	22074	29
5830	40776	29
50024	60421	29
19500	86864	29
6539	65736	29
18894	112502	29
25081	13285	29
2693	12281	29
384469	43582	29
1289	75327	29
113657	281204	29
185839	125035	29
5554	64756	29
17965	30644	29
151337	44252	29
122262	13285	29
5815	22074	29
85002	3641	29
28797	20360	29
12521	4558	29
54477	88790	29
19145	371943	29
79860	186270	29
197104	22074	29
8443	12281	29
38388	35673	29
106473	11472	29
59707	302507	29
11057	5980	29
45447	175048	29
33084	11524	29
88762	49964	29
4785	141801	29
2259	1731	29
5752	31420	29
33992	281874	29
32802	533380	29
12363	31300	29
107325	17877	29
1445	17877	29
29072	69061	29
13648	80922	29
9549	53665	29
44690	174711	29
5322	388164	29
20329	132230	29
65766	5019	29
4785	129681	29
23407	11641	29
26832	41700	29
19285	81923	29
42688	22831	29
9303	456957	29
149138	28695	29
18073	132230	29
33304	141801	29
13228	9823	29
6298	21091	29
60522	82959	29
100335	414048	29
8443	131954	29
9412	81923	29
41164	9378	29
64754	103616	29
17217	109434	29
100076	144802	29
60986	147452	29
122262	17877	29
614	82985	29
97648	5664	29
23525	17877	29
9935	31999	29
114791	6527	29
6096	12281	29
90110	75327	29
307086	392191	29
15249	51582	29
25903	11472	29
8186	6833	29
56921	5664	29
13234	11759	29
22285	13285	29
27407	31447	29
723	56446	29
32343	5753	29
3766	12281	29
20991	118920	29
25322	35060	29
614	53665	29
1819	66616	29
23347	154093	29
31400	82959	29
17323	108304	29
7161	99705	29
8869	53665	29
20694	339013	29
62116	5664	29
10121	61901	29
42486	5753	29
16018	25851	29
25447	244087	29
78839	378993	29
1445	53665	29
3679	31560	29
3479	60512	29
48862	69061	29
103759	11472	29
48059	106084	29
3820	100958	29
25307	92570	29
22582	17877	29
40791	5753	29
32653	10011	29
5830	9823	29
72179	13285	29
15953	129681	29
21001	11641	29
12202	51582	29
42039	18510	29
76786	11472	29
9457	3476	29
43716	21387	29
81876	120879	29
2802	22074	29
92846	3621	29
26087	81923	29
74392	250427	29
96628	17877	29
56627	541062	29
23885	42087	29
9020	36654	29
11784	81923	29
11930	13907	29
99588	9823	29
152857	5019	29
16909	12944	29
4625	53665	29
10327	43582	29
28878	5664	29
78051	85638	29
9370	23394	29
21855	5397	29
94211	67962	29
9282	56821	29
120349	564548	29
46786	12281	29
1417	36654	29
920	448408	29
12049	56821	29
288	448408	29
9940	37701	29
43551	34105	29
16752	8898	29
51762	1731	29
21083	5664	29
14426	5664	29
4635	17877	29
15975	16839	29
118098	92195	29
197806	428281	29
37468	90890	29
4924	84711	29
33730	5664	29
46222	99705	29
80328	171281	29
2890	11641	29
48862	17877	29
35646	191597	29
13874	31300	29
12934	31300	29
52680	61002	29
31400	5019	29
45435	141299	29
34508	724	29
53778	49964	29
3998	7576	29
9296	5664	29
107266	39225	29
31217	127599	29
38177	5753	29
19167	49185	29
12363	1731	29
13801	21387	29
78112	196332	29
94578	33305	29
30357	416613	29
9068	11472	29
15658	15817	29
105201	5664	29
25716	17877	29
23119	144802	29
134616	32245	29
2257	167223	29
78051	186557	29
18564	177110	29
95091	9378	29
14319	494	29
47259	108304	29
40978	11641	29
20142	171358	29
42629	22074	29
16676	13310	29
1052	30920	29
21941	77176	29
8905	99705	29
147316	117612	29
2362	12281	29
29185	45150	29
60304	139709	29
28590	41054	29
62532	43582	29
7706	1501	29
28009	286437	29
47825	99705	29
19285	1108	29
157097	5664	29
25366	40436	29
3422	231882	29
3359	40436	29
5412	15702	29
154919	49007	29
105554	200803	29
73743	57390	29
14797	5753	29
8018	54844	29
62433	39882	29
11154	13285	29
157993	5664	29
9649	15540	29
61089	11641	29
78174	71722	29
14680	17877	29
1417	53665	29
43921	168265	29
18008	17877	29
172164	7932	29
14740	165513	29
12049	147118	29
18121	7932	29
47708	306971	29
88781	10242	29
49221	30920	29
37663	20517	29
34632	35673	29
18949	34376	29
6304	194949	29
210241	105380	29
54727	10527	29
4213	14400	29
10352	99705	29
153241	3621	29
77706	5664	29
8443	11902	29
5914	17877	29
59612	47886	29
4991	18510	29
22176	47313	29
4194	115589	29
30692	81923	29
62532	16839	29
16772	2962	29
80783	12944	29
69583	27446	29
16018	23398	29
42766	15702	29
3981	139828	29
37468	77176	29
211663	103616	29
78051	57390	29
66566	201618	29
8443	40436	29
10939	40776	29
7485	45722	29
20411	91733	29
40263	30644	29
108303	7932	29
45780	7841	29
51636	17877	29
14046	27176	29
703	124537	29
12202	5664	29
37089	47063	29
2259	3621	29
4148	30523	29
15892	5664	29
14283	108507	29
32804	160338	29
18073	144802	29
20991	48379	29
7507	85638	29
44687	27446	29
27757	153466	29
10533	64880	29
16940	43582	29
53908	190276	29
25609	5664	29
105362	23518	29
1363	1676	29
41261	5664	29
63421	11641	29
103949	46871	29
35936	9823	29
1445	147452	29
40068	14643	29
26321	13285	29
29745	12281	29
83878	460853	29
57722	5019	29
11106	20360	29
27757	35332	29
37515	51886	29
67119	95300	29
60804	29374	29
26014	2594	29
6397	13285	29
48862	117101	29
11057	42087	29
76303	12219	29
7507	60811	29
200259	12281	29
27428	274094	29
24262	93765	29
98738	46871	29
714	12281	29
18925	357420	29
18894	49185	29
159	46871	29
11928	11641	29
3115	104692	29
43921	448408	29
81785	167630	29
174641	13907	29
39482	32245	29
8087	20858	29
91661	75327	29
24100	139610	29
10653	61596	29
8333	219032	29
121856	3476	29
2653	43582	29
21748	119788	29
23347	17877	29
19975	178838	29
18121	5019	29
103790	15817	29
65842	127599	29
4635	11641	29
2213	5664	29
108807	1941	29
91974	3621	29
55045	4662	29
20989	127748	29
1997	23972	29
2257	90890	29
9066	8644	29
17834	64932	29
216251	230562	29
65630	9823	29
9207	17877	29
70994	15832	29
10002	218035	29
22304	67834	29
14721	187417	29
78839	20495	29
44857	44029	29
43943	11902	29
61205	17877	29
27015	187788	29
93688	211281	29
32032	90948	29
7647	176289	29
61815	42079	29
64330	84711	29
5922	17877	29
3533	294553	29
61801	297327	29
56370	17877	29
56882	60512	29
3788	69290	29
12267	80922	29
11106	52163	29
49438	30523	29
65417	133385	29
4537	162541	29
32905	200803	29
27824	51079	29
1708	6312	29
50951	151894	29
6668	77176	29
16632	1164	29
12320	11524	29
22081	34627	29
5036	299270	29
39894	18601	29
75442	216096	29
8186	9823	29
2977	89175	29
28008	27020	29
14209	13285	29
11495	19897	29
4906	32130	29
12714	23972	29
61953	236453	29
23859	80203	29
12724	185006	29
39532	8170	29
27245	93765	29
50853	17877	29
10186	231934	29
121798	234133	29
892	15817	29
61438	528335	29
24510	22074	29
53800	148513	29
5197	41054	29
42766	41057	29
69266	16445	29
214756	84142	29
32728	91733	29
292034	57390	29
140797	132109	29
3331	141801	29
20671	12281	29
27407	64282	29
59953	85584	29
79312	144802	29
41314	48273	29
23878	196750	29
8113	125371	29
3848	72097	29
33833	142972	29
17366	15644	29
22152	31647	29
72392	83051	29
22545	13285	29
49448	5363	29
93102	31420	29
56359	11641	29
1168	127802	29
12363	21387	29
51123	210534	29
109350	13285	29
19369	28695	29
79769	22074	29
191	5019	29
40364	5664	29
10186	3621	29
3329	21387	29
3329	11902	29
1124	41054	29
53478	77176	29
25599	14874	29
52172	57390	29
33674	20360	29
109350	32245	29
8953	18800	29
59533	20360	29
65842	196750	29
21827	86864	29
9758	24320	29
4739	17238	29
24597	174711	29
54000	87807	29
25408	78896	29
12093	244267	29
31684	62473	29
9762	5664	29
14816	69290	29
4557	14163	29
17095	18510	29
50926	18189	29
62433	74550	29
18369	13871	29
17917	15786	29
96853	32428	29
27107	122257	29
98738	56821	29
43921	9823	29
37468	57390	29
2843	109351	29
41056	16445	29
123649	615560	29
12714	101261	29
90110	13285	29
7535	109434	29
15085	190709	29
24267	185038	29
4739	47886	29
13874	32245	29
62024	3621	29
114181	5063	29
6298	13285	29
41208	171144	29
78112	15035	29
31118	32245	29
42757	144802	29
16322	13285	29
25599	31198	29
23914	10242	29
14371	31200	29
24057	12281	29
10585	17877	29
41208	118038	29
16999	45722	29
31805	23518	29
36430	44029	29
13234	19897	29
8186	92570	29
49438	44252	29
47259	82959	29
106	146904	29
10425	98839	29
12400	84711	29
2422	47886	29
13437	82083	29
3612	18658	29
36317	17877	29
39381	169807	29
99588	69290	29
122819	3621	29
39899	226809	29
13494	5664	29
57895	7932	29
56882	108507	29
12941	12281	29
101818	86864	29
28797	43582	29
5894	241731	29
39078	32923	29
151063	168265	29
193185	5664	29
9457	32923	29
3422	98768	29
48176	70912	29
109350	69290	29
692	65736	29
49980	110961	29
6116	129681	29
42554	118159	29
62532	3621	29
14741	110856	29
18073	56821	29
35119	12281	29
60304	79958	29
289395	31454	29
3634	42827	29
2417	11472	29
194571	189603	29
88762	46871	29
197104	17877	29
298470	529403	29
58484	5753	29
59612	203386	29
31513	11759	29
5451	193600	29
40188	211281	29
53478	56821	29
14381	35218	29
99330	78325	29
78839	11641	29
5491	15920	29
16676	13285	29
4557	63614	29
75696	93639	29
9207	15817	29
49221	27446	29
57722	41057	29
93125	17877	29
45684	17638	29
38995	13285	29
301088	82083	29
47057	100938	29
214263	9823	29
5322	31420	29
1705	77176	29
5803	30644	29
60218	84166	29
19838	144802	29
1445	533380	29
47219	102481	29
1396	5363	29
16662	5664	29
6412	5753	29
37709	31300	29
8221	13285	29
3882	437131	29
20814	5664	29
154101	46837	29
21245	17877	29
13956	260553	29
27392	111536	29
6573	16864	29
23859	41054	29
58482	37701	29
10352	183512	29
59945	144802	29
4557	359994	29
2016	53665	29
24510	62077	29
9649	127412	29
25716	230183	29
108858	218111	29
3788	32528	29
32653	209042	29
109998	43582	29
29791	103616	29
23316	127908	29
10717	24320	29
38388	31420	29
21510	89175	29
16314	79958	29
6923	17877	29
40747	82959	29
2989	7841	29
5560	189603	29
36887	50952	29
12267	88786	29
117732	5753	29
28737	5753	29
38014	127549	29
73365	5664	29
17310	197589	29
29254	5980	29
12363	3621	29
15739	31420	29
44477	46871	29
31314	46871	29
33288	3621	29
51636	35673	29
7682	388164	29
6184	30523	29
1710	428738	29
3633	306971	29
3148	282442	29
4557	36654	29
105407	483224	29
58482	402704	29
33040	57390	29
4346	13285	29
102466	3621	29
410	66616	29
20151	3476	29
29791	5664	29
8333	13285	29
13874	66126	29
129979	29374	29
1708	28135	29
16301	27176	29
28009	43582	29
13234	82985	29
22052	32900	29
32053	74209	29
8953	92152	29
11057	110856	29
101812	394560	29
54475	11472	29
73215	17877	29
109350	35682	29
94153	20360	29
1419	104043	29
5258	25257	29
4557	44795	29
5199	16963	29
8000	211281	29
148013	65736	29
4557	724	29
27873	12281	29
10660	11641	29
59230	46871	29
47825	30844	29
25163	20040	29
13946	121352	29
11245	11641	29
88762	108507	29
793	27020	29
23174	71722	29
4537	69290	29
26871	13034	29
15123	57390	29
18731	5753	29
57028	152039	29
84660	13285	29
1112	126492	29
14999	151010	29
89787	30644	29
21446	5019	29
40939	12281	29
180618	13285	29
16373	165513	29
63553	12281	29
36471	17877	29
26600	78325	29
412	14207	29
13494	100958	29
931	22074	29
9976	12281	29
90616	17877	29
52362	3621	29
9023	5664	29
32648	28879	29
745	16696	29
4991	5397	29
152857	82959	29
152108	5753	29
1685	28135	29
15876	25179	29
4635	98061	29
25447	98839	29
9762	724	29
44683	40089	29
9457	20858	29
66807	294243	29
71978	11902	29
53365	5753	29
12714	68084	29
20677	46871	29
16137	5753	29
2437	41054	29
33288	127549	29
38388	34105	29
264	244267	29
36021	41054	29
2211	202095	29
224687	6527	29
139443	50660	29
194571	24546	29
692	22074	29
292034	40253	29
8186	347654	29
31741	122540	29
51904	11759	29
40364	30523	29
8221	14874	29
52370	148819	29
13827	51582	29
38813	159784	29
325	5753	29
50926	55740	29
47232	69200	29
60006	209882	29
172164	5019	29
75081	77176	29
118098	70026	29
1542	78302	29
32091	30950	29
119395	55775	29
3238	93918	29
13228	218257	29
9457	77176	29
7840	11641	29
14381	77176	29
31886	43582	29
109350	11641	29
18647	171169	29
72941	15250	29
36004	32245	29
79058	92622	29
51762	11472	29
28744	64880	29
101279	17877	29
16676	110186	29
16909	19795	29
28616	289805	29
48862	67834	29
49438	12281	29
765	106335	29
44053	57390	29
43921	164187	29
21510	21387	29
36841	41054	29
176899	60512	29
31548	247217	29
25542	4558	29
71221	27446	29
78839	15786	29
98617	9823	29
24662	43582	29
30966	171169	29
70216	3621	29
61835	46429	29
19273	141885	29
2653	56821	29
147316	99705	29
24932	11641	29
4819	117101	29
82879	245781	29
9005	95363	29
12400	724	29
11541	43582	29
4625	132230	29
8156	17877	29
8953	380077	29
47704	17877	29
26527	5753	29
1417	5664	29
48257	11472	29
15249	53665	29
15123	13285	29
11057	31335	29
94153	11524	29
2257	99705	29
11766	19897	29
99330	75327	29
16447	35980	29
4541	104043	29
7772	74639	29
229710	23972	29
24194	3621	29
89787	1731	29
4184	5664	29
18219	19897	29
18976	218035	29
168697	174711	29
4346	64756	29
65903	114875	29
15929	40253	29
3633	17877	29
61146	13285	29
9940	117612	29
245195	55652	29
12147	3891	29
492	219032	29
48862	118629	29
575	34105	29
5491	73230	29
9259	82959	29
33288	11641	29
190575	49185	29
5518	310984	29
195551	144802	29
4625	27020	29
18949	12494	29
6476	1883	29
4537	144802	29
151808	12281	29
51094	16864	29
13431	56821	29
30757	25179	29
723	154093	29
2215	411162	29
75700	7932	29
41739	262426	29
62474	100958	29
224620	434517	29
248500	84711	29
43362	51221	29
40004	63042	29
20991	129681	29
30339	29374	29
2277	22406	29
61599	175048	29
10533	152429	29
16322	91512	29
34563	11472	29
57934	31200	29
15274	11472	29
73344	304671	29
48432	3621	29
82879	35419	29
5924	60811	29
86263	219032	29
7833	43582	29
3331	1501	29
83558	11641	29
69583	11759	29
20972	190877	29
60992	84234	29
21063	106335	29
49396	12281	29
11618	110856	29
19369	71722	29
19435	57390	29
18882	31200	29
14381	144802	29
2129	135305	29
47219	34105	29
6929	17877	29
73365	5753	29
53315	286667	29
73591	4558	29
188678	17877	29
22397	5664	29
83722	12281	29
2843	533380	29
21083	66616	29
151337	39856	29
26301	1731	29
2129	81923	29
33288	109351	29
25322	17238	29
793	354998	29
14283	60512	29
1028	5753	29
2977	17877	29
33304	44510	29
29482	146748	29
14230	11641	29
